0.15 0.0
0.3 0.0
0.45 0.0
0.6 0.0
0.75 0.0
0.9 0.0
1.05 0.0
1.2 0.0
1.35 0.0
1.5 0.0
1.65 0.0
1.8 0.0
1.95 0.0
2.1 0.0
2.25 0.0
2.4 0.0
2.55 0.0
2.7 0.0
2.85 0.0
3.0 0.0
3.15 0.0
3.3 0.0
3.45 0.0
3.6 0.0
3.75 0.0
3.9 0.0
4.05 0.0
4.2 0.0
4.35 0.0
4.5 0.0
4.65 0.0
4.8 0.0
4.95 0.0
5.1 0.0
5.25 0.0
5.4 0.0
5.55 0.0
5.7 0.0
5.85 0.0
6.0 0.0
6.15 0.192307692308
6.3 0.192307692308
6.45 0.192307692308
6.6 0.192307692308
6.75 1.19230769231
6.9 1.19230769231
7.05 3.19230769231
7.2 5.19230769231
7.35 10.1923076923
7.5 17.1923076923
7.65 30.1923076923
7.8 49.1923076923
7.95 82.1923076923
8.1 131.192307692
8.25 200.192307692
8.4 298.192307692
8.55 421.192307692
8.7 563.192307692
8.85 712.192307692
9.0 851.192307692
9.15 963.692307692
9.3 1033.19230769
9.45 1058.19230769
9.6 1034.19230769
9.75 978.192307692
9.9 894.192307692
10.05 801.192307692
10.2 702.192307692
10.35 610.192307692
10.5 522.192307692
10.65 446.192307692
10.8 377.192307692
10.95 318.192307692
11.1 266.192307692
11.25 225.192307692
11.4 190.192307692
11.55 162.192307692
11.7 138.192307692
11.85 119.192307692
12.0 101.192307692
12.15 87.1923076923
12.3 74.1923076923
12.45 65.1923076923
12.6 55.1923076923
12.75 48.1923076923
12.9 41.1923076923
13.05 36.1923076923
13.2 31.1923076923
13.35 28.1923076923
13.5 24.1923076923
13.65 22.1923076923
13.8 19.1923076923
13.95 18.1923076923
14.1 15.1923076923
14.25 14.1923076923
14.4 12.1923076923
14.55 13.1923076923
14.7 11.1923076923
14.85 11.1923076923
15.0 9.19230769231
15.15 10.1923076923
15.3 9.19230769231
15.45 9.19230769231
15.6 8.19230769231
15.75 9.19230769231
15.9 8.19230769231
16.05 9.19230769231
16.2 7.19230769231
16.35 8.19230769231
16.5 7.19230769231
16.65 7.19230769231
16.8 6.19230769231
16.95 7.19230769231
17.1 7.19230769231
17.25 7.19230769231
17.4 5.19230769231
17.55 6.19230769231
17.7 6.19230769231
17.85 7.19230769231
18.0 6.19230769231
18.15 6.19230769231
18.3 5.19230769231
18.45 6.19230769231
18.6 5.19230769231
18.75 5.19230769231
18.9 5.19230769231
19.05 5.19230769231
