0.15 0.0
0.3 0.0
0.45 0.0
0.6 0.0
0.75 0.0
0.9 0.0
1.05 0.0
1.2 0.0
1.35 0.0
1.5 0.0
1.65 0.0
1.8 0.0
1.95 0.0
2.1 0.0
2.25 0.0
2.4 0.0
2.55 0.0
2.7 0.0
2.85 0.0
3.0 0.0
3.15 0.0
3.3 0.0
3.45 0.0
3.6 0.0
3.75 0.0
3.9 0.0
4.05 0.0
4.2 0.0
4.35 0.0
4.5 0.0
4.65 0.0
4.8 0.0
4.95 0.0
5.1 0.0
5.25 0.0
5.4 0.0
5.55 0.538461538462
5.7 0.538461538462
5.85 1.53846153846
6.0 2.53846153846
6.15 4.53846153846
6.3 6.53846153846
6.45 10.5384615385
6.6 14.5384615385
6.75 21.5384615385
6.9 30.5384615385
7.05 44.5384615385
7.2 61.5384615385
7.35 84.5384615385
7.5 114.538461538
7.65 152.538461538
7.8 198.538461538
7.95 253.538461538
8.1 318.538461538
8.25 390.538461538
8.4 466.538461538
8.55 543.538461538
8.7 618.538461538
8.85 687.538461538
9.0 747.538461538
9.15 793.538461538
9.3 822.538461538
9.45 834.538461538
9.6 823.538461538
9.75 796.538461538
9.9 755.538461538
10.05 706.538461538
10.2 650.538461538
10.35 593.538461538
10.5 533.538461538
10.65 473.538461538
10.8 413.538461538
10.95 359.538461538
11.1 308.538461538
11.25 265.538461538
11.4 227.538461538
11.55 194.538461538
11.7 166.538461538
11.85 143.538461538
12.0 122.538461538
12.15 106.538461538
12.3 90.5384615385
12.45 78.5384615385
12.6 68.5384615385
12.75 59.5384615385
12.9 51.5384615385
13.05 45.5384615385
13.2 40.5384615385
13.35 35.5384615385
13.5 31.5384615385
13.65 28.5384615385
13.8 25.5384615385
13.95 22.5384615385
14.1 20.5384615385
14.25 19.5384615385
14.4 16.5384615385
14.55 15.5384615385
14.7 13.5384615385
14.85 13.5384615385
15.0 12.5384615385
15.15 11.5384615385
15.3 9.53846153846
15.45 9.53846153846
15.6 8.53846153846
15.75 8.53846153846
15.9 7.53846153846
16.05 7.53846153846
16.2 6.53846153846
16.35 6.53846153846
16.5 5.53846153846
16.65 5.53846153846
16.8 5.53846153846
16.95 5.53846153846
17.1 4.53846153846
17.25 4.53846153846
17.4 3.53846153846
17.55 4.53846153846
17.7 3.53846153846
17.85 4.53846153846
18.0 3.53846153846
18.15 4.53846153846
18.3 3.53846153846
18.45 4.53846153846
18.6 3.53846153846
18.75 4.53846153846
18.9 3.53846153846
19.05 3.53846153846
