0.15 0.0
0.3 0.0
0.45 0.0
0.6 0.0
0.75 0.0
0.9 0.0
1.05 0.0
1.2 0.0
1.35 0.0
1.5 0.0
1.65 0.0
1.8 0.0
1.95 0.0
2.1 0.0
2.25 0.0
2.4 0.0
2.55 0.0
2.7 0.0
2.85 0.0
3.0 0.0
3.15 0.0
3.3 0.0
3.45 0.0
3.6 0.0
3.75 0.0
3.9 0.0
4.05 0.0
4.2 0.0
4.35 0.0
4.5 0.0
4.65 0.0
4.8 0.0
4.95 0.0
5.1 0.0
5.25 1.0
5.4 1.0
5.55 1.0
5.7 1.0
5.85 1.0
6.0 1.0
6.15 1.0
6.3 2.0
6.45 3.0
6.6 4.0
6.75 6.0
6.9 9.0
7.05 15.0
7.2 23.0
7.35 36.0
7.5 55.0
7.65 83.0
7.8 126.0
7.95 183.0
8.1 260.0
8.25 359.0
8.4 477.0
8.55 608.0
8.7 742.0
8.85 870.0
9.0 982.0
9.15 1069.0
9.3 1124.0
9.45 1143.0
9.6 1125.5
9.75 1081.0
9.9 1018.0
10.05 948.0
10.2 873.0
10.35 798.0
10.5 722.0
10.65 647.0
10.8 576.0
10.95 512.0
11.1 453.0
11.25 401.0
11.4 354.0
11.55 312.0
11.7 275.0
11.85 243.0
12.0 215.0
12.15 191.0
12.3 169.0
12.45 151.0
12.6 134.0
12.75 119.0
12.9 105.0
13.05 94.0
13.2 83.0
13.35 73.0
13.5 65.0
13.65 58.0
13.8 52.0
13.95 47.0
14.1 42.0
14.25 37.0
14.4 34.0
14.55 31.0
14.7 28.0
14.85 25.0
15.0 23.0
15.15 21.0
15.3 19.0
15.45 18.0
15.6 17.0
15.75 15.0
15.9 14.0
16.05 13.0
16.2 12.0
16.35 12.0
16.5 12.0
16.65 11.0
16.8 10.0
16.95 10.0
17.1 9.0
17.25 9.0
17.4 8.0
17.55 8.0
17.7 8.0
17.85 7.0
18.0 7.0
18.15 6.0
18.3 7.0
18.45 7.0
18.6 6.0
18.75 6.0
18.9 6.0
19.05 6.0
