0.15 0.0
0.3 0.0
0.45 0.0
0.6 0.0
0.75 0.0
0.9 0.0
1.05 0.0
1.2 0.0
1.35 0.0
1.5 0.0
1.65 0.0
1.8 0.0
1.95 0.0
2.1 0.0
2.25 0.0
2.4 0.0
2.55 0.0
2.7 0.0
2.85 0.0
3.0 0.0
3.15 0.0
3.3 0.0
3.45 0.0
3.6 0.0
3.75 0.0
3.9 0.0
4.05 0.0
4.2 0.0
4.35 0.0
4.5 0.0
4.65 0.0
4.8 0.0
4.95 0.0
5.1 0.0
5.25 0.5
5.4 0.5
5.55 0.5
5.7 0.5
5.85 0.5
6.0 0.5
6.15 1.5
6.3 1.5
6.45 2.5
6.6 3.5
6.75 6.5
6.9 9.5
7.05 15.5
7.2 24.5
7.35 37.5
7.5 55.5
7.65 83.5
7.8 125.5
7.95 184.5
8.1 261.5
8.25 360.5
8.4 478.5
8.55 611.5
8.7 748.5
8.85 882.0
9.0 997.5
9.15 1087.5
9.3 1142.0
9.45 1161.5
9.6 1143.5
9.75 1099.5
9.9 1035.0
10.05 960.5
10.2 879.5
10.35 798.5
10.5 719.5
10.65 644.0
10.8 572.5
10.95 507.5
11.1 447.5
11.25 395.0
11.4 347.5
11.55 304.5
11.7 267.5
11.85 236.5
12.0 208.5
12.15 184.5
12.3 162.5
12.45 143.5
12.6 125.5
12.75 110.5
12.9 97.5
13.05 86.5
13.2 76.5
13.35 67.5
13.5 59.5
13.65 53.5
13.8 48.5
13.95 41.5
14.1 36.5
14.25 32.5
14.4 29.5
14.55 25.5
14.7 22.5
14.85 20.5
15.0 18.5
15.15 15.5
15.3 13.5
15.45 13.5
15.6 11.5
15.75 11.5
15.9 9.5
16.05 8.5
16.2 7.5
16.35 7.5
16.5 6.5
16.65 5.5
16.8 5.5
16.95 5.5
17.1 4.5
17.25 3.5
17.4 4.5
17.55 4.5
17.7 3.5
17.85 3.5
18.0 2.5
18.15 3.5
18.3 3.5
18.45 3.5
18.6 2.5
18.75 2.5
18.9 2.5
19.05 2.5
