0.15 0.0
0.3 0.0
0.45 0.0
0.6 0.0
0.75 0.0
0.9 0.0
1.05 0.0
1.2 0.0
1.35 0.0
1.5 0.0
1.65 0.0
1.8 0.0
1.95 0.0
2.1 0.0
2.25 0.0
2.4 0.0
2.55 0.0
2.7 0.0
2.85 0.0
3.0 0.0
3.15 0.0
3.3 0.0
3.45 0.0
3.6 0.0
3.75 0.0
3.9 0.0
4.05 0.0
4.2 0.0
4.35 0.0
4.5 0.0
4.65 0.0
4.8 0.0
4.95 0.0
5.1 0.0
5.25 0.0
5.4 0.0
5.55 0.884615384615
5.7 0.884615384615
5.85 1.88461538462
6.0 1.88461538462
6.15 4.88461538462
6.3 5.88461538462
6.45 9.88461538462
6.6 12.8846153846
6.75 19.8846153846
6.9 26.8846153846
7.05 38.8846153846
7.2 52.8846153846
7.35 72.8846153846
7.5 98.8846153846
7.65 132.884615385
7.8 173.884615385
7.95 223.884615385
8.1 281.884615385
8.25 347.884615385
8.4 418.884615385
8.55 490.884615385
8.7 560.884615385
8.85 627.884615385
9.0 686.884615385
9.15 733.884615385
9.3 763.884615385
9.45 776.884615385
9.6 763.884615385
9.75 736.884615385
9.9 693.884615385
10.05 645.884615385
10.2 590.884615385
10.35 537.884615385
10.5 480.884615385
10.65 424.884615385
10.8 369.884615385
10.95 319.884615385
11.1 273.884615385
11.25 235.884615385
11.4 200.884615385
11.55 172.884615385
11.7 147.884615385
11.85 127.884615385
12.0 109.884615385
12.15 94.8846153846
12.3 81.8846153846
12.45 70.8846153846
12.6 61.8846153846
12.75 54.8846153846
12.9 47.8846153846
13.05 42.8846153846
13.2 37.8846153846
13.35 34.8846153846
13.5 30.8846153846
13.65 28.8846153846
13.8 24.8846153846
13.95 23.8846153846
14.1 20.8846153846
14.25 19.8846153846
14.4 17.8846153846
14.55 16.8846153846
14.7 14.8846153846
14.85 14.8846153846
15.0 12.8846153846
15.15 12.8846153846
15.3 10.8846153846
15.45 10.8846153846
15.6 9.88461538462
15.75 9.88461538462
15.9 8.88461538462
16.05 8.88461538462
16.2 7.88461538462
16.35 7.88461538462
16.5 6.88461538462
16.65 6.88461538462
16.8 4.88461538462
16.95 6.88461538462
17.1 4.88461538462
17.25 5.88461538462
17.4 4.88461538462
17.55 5.88461538462
17.7 4.88461538462
17.85 4.88461538462
18.0 4.88461538462
18.15 4.88461538462
18.3 3.88461538462
18.45 4.88461538462
18.6 3.88461538462
18.75 4.88461538462
18.9 3.88461538462
19.05 3.88461538462
