0.15 0.0
0.3 0.0
0.45 0.0
0.6 0.0
0.75 0.0
0.9 0.0
1.05 0.0
1.2 0.0
1.35 0.0
1.5 0.0
1.65 0.0
1.8 0.0
1.95 0.0
2.1 0.0
2.25 0.0
2.4 0.0
2.55 0.0
2.7 0.0
2.85 0.0
3.0 0.0
3.15 0.0
3.3 0.0
3.45 0.0
3.6 0.0
3.75 0.0
3.9 0.0
4.05 0.0
4.2 0.0
4.35 0.0
4.5 0.0
4.65 0.0
4.8 0.0
4.95 0.0
5.1 0.0
5.25 0.0
5.4 0.0
5.55 0.0
5.7 0.0
5.85 0.0
6.0 0.0
6.15 0.615384615385
6.3 0.615384615385
6.45 0.615384615385
6.6 0.615384615385
6.75 1.61538461538
6.9 2.61538461538
7.05 3.61538461538
7.2 6.61538461538
7.35 11.6153846154
7.5 19.6153846154
7.65 34.6153846154
7.8 57.6153846154
7.95 96.6153846154
8.1 152.615384615
8.25 232.615384615
8.4 340.615384615
8.55 476.615384615
8.7 628.615384615
8.85 784.615384615
9.0 928.615384615
9.15 1041.61538462
9.3 1111.61538462
9.45 1135.61538462
9.6 1114.11538462
9.75 1057.61538462
9.9 976.615384615
10.05 882.615384615
10.2 782.615384615
10.35 685.615384615
10.5 593.615384615
10.65 509.615384615
10.8 432.615384615
10.95 364.615384615
11.1 304.615384615
11.25 254.615384615
11.4 214.615384615
11.55 181.615384615
11.7 153.615384615
11.85 131.615384615
12.0 111.615384615
12.15 95.6153846154
12.3 81.6153846154
12.45 70.6153846154
12.6 61.6153846154
12.75 53.6153846154
12.9 45.6153846154
13.05 39.6153846154
13.2 34.6153846154
13.35 30.6153846154
13.5 26.6153846154
13.65 22.6153846154
13.8 19.6153846154
13.95 17.6153846154
14.1 15.6153846154
14.25 13.6153846154
14.4 11.6153846154
14.55 11.6153846154
14.7 10.6153846154
14.85 8.61538461538
15.0 8.61538461538
15.15 7.61538461538
15.3 6.61538461538
15.45 6.61538461538
15.6 5.61538461538
15.75 5.61538461538
15.9 4.61538461538
16.05 4.61538461538
16.2 4.61538461538
16.35 4.61538461538
16.5 3.61538461538
16.65 4.61538461538
16.8 3.61538461538
16.95 3.61538461538
17.1 3.61538461538
17.25 3.61538461538
17.4 2.61538461538
17.55 2.61538461538
17.7 2.61538461538
17.85 2.61538461538
18.0 3.61538461538
18.15 3.61538461538
18.3 2.61538461538
18.45 2.61538461538
18.6 2.61538461538
18.75 2.61538461538
18.9 2.61538461538
19.05 2.61538461538
